 
1 1 0 0 1e+06 10055 1000000 9 1000000 1000000
3 3 0 0.995962 3e+06 30213 1000000 30 1000000 1000000
5 5 0 2.00298 5e+06 50269 1000000 49 1000000 1000000
7 7 0 2.99382 7e+06 70069 1000000 70 1000000 1000000
9 9 0 3.99866 9e+06 90045 1000000 90 1000000 1000000
10 10 0 4.50204 1e+07 100210 1000000 99 1000000 1000000
20 20 0 9.51343 2e+07 200280 1000000 199 1000000 1000000
30 29.999 0.001043 14.5131 2.9999e+07 299262 999096 300 1000000 1000000
40 39.8486 0.151357 19.5596 3.98486e+07 397824 935665 398 1000000 1000000
50 47.6605 2.33952 25.4744 4.76605e+07 476508 520470 476 1000000 1000000
60 50.6373 9.36275 33.5862 5.06373e+07 505696 90706 506 1000000 1000000
70 50.9832 19.0168 43.1391 5.09832e+07 510746 3842 510 1000000 1000000
80 51.0041 28.9959 52.9128 5.10041e+07 510345 40 510 1000000 1000000
90 50.9927 39.0073 62.7293 5.09927e+07 508577 0 510 1000000 1000000
100 50.999 49.001 72.4821 5.0999e+07 510451 0 510 1000000 1000000
