 
1 1 0 0 1e+06 199773 918112 9 1000000 1000000
3 2.63046 0.36954 0.969619 2.63046e+06 525949 456286 26 1000000 1000000
5 3.32738 1.67262 2.09239 3.32738e+06 665651 108385 33 1000000 1000000
7 3.47859 3.52141 3.41546 3.47859e+06 696258 14032 34 1000000 1000000
9 3.49701 5.50299 4.82414 3.49701e+06 699834 1104 34 1000000 1000000
10 3.50112 6.49888 5.52861 3.50112e+06 701267 279 35 1000000 1000000
20 3.50101 16.499 12.6747 3.50101e+06 700630 0 35 1000000 1000000
30 3.50101 26.499 19.8177 3.50101e+06 700630 0 35 1000000 1000000
40 3.49802 36.502 26.9569 3.49802e+06 702572 0 34 1000000 1000000
50 3.50113 46.4989 34.1517 3.50113e+06 698880 0 35 1000000 1000000
60 3.50113 56.4989 41.304 3.50113e+06 698880 0 35 1000000 1000000
70 3.49798 66.502 48.3803 3.49798e+06 699301 0 35 1000000 1000000
80 3.50106 76.4989 55.585 3.50106e+06 698875 0 35 1000000 1000000
90 3.50106 86.4989 62.7341 3.50106e+06 698875 0 35 1000000 1000000
100 3.50034 96.4997 69.7947 3.50034e+06 700730 0 35 1000000 1000000
