 
1 1 0 0 1e+06 19916 1000000 9 1000000 1000000
3 3 0 1.00256 3e+06 60431 1000000 30 1000000 1000000
5 5 0 1.9947 5e+06 99976 999999 49 1000000 1000000
7 7 4e-06 2.99352 7e+06 140371 999991 70 1000000 1000000
9 8.99997 3.3e-05 3.99883 8.99997e+06 179150 999924 90 1000000 1000000
10 9.99988 0.000121 4.49652 9.99988e+06 200037 999781 99 1000000 1000000
20 19.7642 0.235841 9.58041 1.97642e+07 394346 866949 197 1000000 1000000
30 25.3689 4.63115 16.3089 2.53689e+07 506709 182659 253 1000000 1000000
40 25.9926 14.0074 25.503 2.59926e+07 519981 3171 259 1000000 1000000
50 26.0069 23.9931 35.0925 2.60069e+07 521000 7 260 1000000 1000000
60 25.9984 34.0016 44.7368 2.59984e+07 519641 0 260 1000000 1000000
70 25.9967 44.0033 54.322 2.59967e+07 520675 0 260 1000000 1000000
80 26.0023 53.9977 63.9177 2.60023e+07 519291 0 260 1000000 1000000
90 25.9967 64.0033 73.5586 2.59967e+07 520151 0 260 1000000 1000000
100 25.9986 74.0014 83.1767 2.59986e+07 519519 0 260 1000000 1000000
