 
0.01 60 0 29.5006 6e+07 59987157 1000000 1000000 1000000
0.03 60 0 29.499 6e+07 103900618 1000000 1000000 1000000
0.05 60 0 29.4998 6e+07 134172832 1000000 1000000 1000000
0.07 60 0 29.5052 6e+07 61543433 1000000 1000000 1000000
0.09 60 0 29.5018 6e+07 180024023 1000000 1000000 1000000
0.1 60 0 29.4977 6e+07 189766833 1000000 1000000 1000000
0.3 59.9997 0.000344 29.5016 5.99997e+07 328641597 999809 1000000 1000000
0.5 59.7246 0.27536 29.6194 5.97246e+07 422290589 911476 1000000 1000000
0.7 57.2963 2.70365 30.6612 5.72963e+07 275752595 506442 1000000 1000000
0.9 52.8829 7.11705 32.5831 5.28829e+07 501882406 173168 1000000 1000000
1 50.6016 9.39841 33.6081 5.06016e+07 506259080 92100 1000000 1000000
3 29.8494 30.1506 43.0828 2.98494e+07 166317677 0 1000000 1000000
5 23.3591 36.6409 45.7735 2.33591e+07 522359146 0 1000000 1000000
7 19.8935 40.1065 47.0697 1.98935e+07 526399472 0 1000000 1000000
9 17.6726 42.3274 47.7972 1.76726e+07 530010699 0 1000000 1000000
10 16.8072 43.1928 48.0527 1.68072e+07 531674090 0 1000000 1000000
30 10.1325 49.8675 49.0522 1.01325e+07 554826751 0 1000000 1000000
50 8.06648 51.9335 48.6257 8.06648e+06 30808905 0 1000000 1000000
70 6.97526 53.0247 47.9808 6.97526e+06 583696658 0 1000000 1000000
90 6.26826 53.7317 47.3836 6.26826e+06 594811262 0 1000000 1000000
100 5.99973 54.0003 47.0869 5.99973e+06 599959199 0 1000000 1000000
