 
0.01 30 0 14.5015 3e+07 30002889 1000000 1000000 1000000
0.03 30 0 14.504 3e+07 51962909 1000000 1000000 1000000
0.05 30 0 14.4986 3e+07 67070488 1000000 1000000 1000000
0.07 30 0 14.5012 3e+07 79380674 1000000 1000000 1000000
0.09 30 0 14.4982 3e+07 90005253 1000000 1000000 1000000
0.1 30 0 14.4965 3e+07 94875777 1000000 1000000 1000000
0.3 30 0 14.5006 3e+07 164310138 1000000 1000000 1000000
0.5 30 0 14.5023 3e+07 212131746 1000000 1000000 1000000
0.7 30 4e-06 14.5 3e+07 182631286 999993 1000000 1000000
0.9 29.9997 0.000312 14.5005 2.99997e+07 284660429 999722 1000000 1000000
1 29.9989 0.001115 14.5003 2.99989e+07 300077810 999076 1000000 1000000
3 27.7917 2.20826 15.3575 2.77917e+07 273799490 440313 1000000 1000000
5 23.1424 6.85757 17.2298 2.31424e+07 517796440 70458 1000000 1000000
7 19.879 10.121 18.5899 1.9879e+07 525845140 11081 1000000 1000000
9 17.6618 12.3382 19.5027 1.76618e+07 529913841 2122 1000000 1000000
10 16.8094 13.1906 19.8516 1.68094e+07 206734717 948 1000000 1000000
30 10.1325 19.8675 22.0222 1.01325e+07 430043990 0 1000000 1000000
50 8.06954 21.9305 22.3112 8.06954e+06 409921463 0 1000000 1000000
70 6.97827 23.0217 22.2816 6.97827e+06 583759192 0 1000000 1000000
90 6.27378 23.7262 22.1614 6.27378e+06 594805161 0 1000000 1000000
100 6.00017 23.9998 22.0851 6.00017e+06 599941483 0 1000000 1000000
