 
0.01 1.10016 28.8998 2.63127 1.10016e+06 11008839 0 11 1000000 1000000
0.05 1.50184 28.4982 9.5923 1.50184e+06 3001788 0 15 1000000 1000000
0.1 2.0008 27.9992 14.2511 2.0008e+06 2000961 0 20 1000000 1000000
0.5 6.00257 23.9974 22.0829 6.00257e+06 1201352 0 60 1000000 1000000
1 11.0039 18.9961 21.8114 1.10039e+07 1100803 0 110 1000000 1000000
3 28.2917 1.7083 15.1662 2.82917e+07 943134 523526 282 1000000 1000000
5 29.9989 0.001052 14.489 2.99989e+07 600303 999079 300 1000000 1000000
7 30 0 14.4908 3e+07 429979 1000000 300 1000000 1000000
9 30 0 14.5325 3e+07 332820 1000000 300 1000000 1000000
10 30 0 14.4746 3e+07 299583 1000000 300 1000000 1000000
30 30 0 14.5598 3e+07 99860 1000000 300 1000000 1000000
50 30 0 14.4849 3e+07 59900 1000000 300 1000000 1000000
70 30 0 14.4816 3e+07 42825 1000000 300 1000000 1000000
90 30 0 14.4455 3e+07 33167 1000000 300 1000000 1000000
100 30 0 14.4038 3e+07 29864 1000000 300 1000000 1000000
300 30 0 14.4472 3e+07 9913 1000000 300 1000000 1000000
500 30 0 14.5777 3e+07 6029 1000000 300 1000000 1000000
700 30 0 14.4301 3e+07 4357 1000000 300 1000000 1000000
900 30 0 14.6213 3e+07 3306 1000000 300 1000000 1000000
1000 30 0 14.7165 3e+07 3033 1000000 300 1000000 1000000
