 
0.01 1.04981 28.9502 1.37618 1.04981e+06 10527084 0 10 1000000 1000000
0.05 1.24967 28.7503 5.76393 1.24967e+06 2500159 0 12 1000000 1000000
0.1 1.49977 28.5002 9.56579 1.49977e+06 1500916 0 15 1000000 1000000
0.5 3.49787 26.5021 19.8182 3.49787e+06 700654 0 34 1000000 1000000
1 6.00442 23.9956 22.0624 6.00442e+06 600166 0 60 1000000 1000000
3 15.9983 14.0017 20.1668 1.59983e+07 533763 400 160 1000000 1000000
5 25.3689 4.63107 16.2921 2.53689e+07 508038 182140 253 1000000 1000000
7 29.5655 0.434522 14.6537 2.95655e+07 423559 822804 295 1000000 1000000
9 29.9899 0.010124 14.5097 2.99899e+07 333124 992753 299 1000000 1000000
10 29.9991 0.00095 14.4999 2.9999e+07 299793 999122 300 1000000 1000000
30 30 0 14.4893 3e+07 99815 1000000 300 1000000 1000000
50 30 0 14.5127 3e+07 60110 1000000 300 1000000 1000000
70 30 0 14.4952 3e+07 42944 1000000 300 1000000 1000000
90 30 0 14.4704 3e+07 33051 1000000 300 1000000 1000000
100 30 0 14.4314 3e+07 30210 1000000 300 1000000 1000000
300 30 0 14.5283 3e+07 10039 1000000 300 1000000 1000000
500 30 0 14.6168 3e+07 6007 1000000 300 1000000 1000000
700 30 0 14.3573 3e+07 4321 1000000 300 1000000 1000000
900 30 0 14.5493 3e+07 3408 1000000 300 1000000 1000000
1000 30 0 14.5431 3e+07 2990 1000000 300 1000000 1000000
