 
0.01 1.02519 28.9748 0.705236 1.02519e+06 10245386 0 10 1000000 1000000
0.05 1.12521 28.8748 3.22494 1.12521e+06 2249935 0 11 1000000 1000000
0.1 1.25049 28.7495 5.78254 1.25048e+06 1249484 0 12 1000000 1000000
0.5 2.24933 27.7507 15.7752 2.24933e+06 450616 0 22 1000000 1000000
1 3.50077 26.4992 19.8373 3.50077e+06 349619 0 35 1000000 1000000
3 8.50111 21.4989 22.2516 8.5011e+06 283878 0 85 1000000 1000000
5 13.4979 16.5021 21.0834 1.34979e+07 270170 26 135 1000000 1000000
7 18.4955 11.5045 19.1707 1.84955e+07 263753 4045 184 1000000 1000000
9 23.2889 6.71111 17.1666 2.32889e+07 258953 75107 232 1000000 1000000
10 25.3642 4.63579 16.2983 2.53642e+07 253745 181626 253 1000000 1000000
30 30 0 14.5048 3e+07 100454 1000000 300 1000000 1000000
50 30 0 14.4805 3e+07 59466 1000000 300 1000000 1000000
70 30 0 14.4851 3e+07 42785 1000000 300 1000000 1000000
90 30 0 14.5622 3e+07 33297 1000000 300 1000000 1000000
100 30 0 14.5113 3e+07 29600 1000000 300 1000000 1000000
300 30 0 14.4486 3e+07 9914 1000000 300 1000000 1000000
500 30 0 14.3704 3e+07 6074 1000000 300 1000000 1000000
700 30 0 14.5096 3e+07 4256 1000000 300 1000000 1000000
900 30 0 14.5679 3e+07 3393 1000000 300 1000000 1000000
1000 30 0 14.478 3e+07 3040 1000000 300 1000000 1000000
