 
1 1.50035 28.4997 9.59207 1.50035e+06 30052 0 15 1000000 1000000
3 2.49961 27.5004 16.9675 2.49961e+06 50006 0 25 1000000 1000000
5 3.50006 26.4999 19.8848 3.50006e+06 69449 0 35 1000000 1000000
7 4.4998 25.5002 21.2277 4.4998e+06 89245 0 45 1000000 1000000
9 5.49715 24.5029 21.928 5.49715e+06 109673 0 54 1000000 1000000
10 5.99986 24.0001 22.1167 5.99986e+06 120183 0 60 1000000 1000000
30 15.9982 14.0018 20.1525 1.59982e+07 319697 412 160 1000000 1000000
50 25.3646 4.63535 16.293 2.53646e+07 506414 181990 253 1000000 1000000
70 29.5652 0.434837 14.66 2.95652e+07 592514 822329 295 1000000 1000000
90 29.9895 0.010452 14.5176 2.99895e+07 600753 992725 299 1000000 1000000
100 29.9988 0.001183 14.4984 2.99988e+07 600639 999058 300 1000000 1000000
300 30 0 14.493 3e+07 601036 1000000 300 1000000 1000000
500 30 0 14.4894 3e+07 600540 1000000 300 1000000 1000000
700 30 0 14.487 3e+07 598269 1000000 300 1000000 1000000
900 30 0 14.5047 3e+07 599256 1000000 300 1000000 1000000
1000 30 0 14.5032 3e+07 600259 1000000 300 1000000 1000000
3000 30 0 14.4886 3e+07 599809 1000000 300 1000000 1000000
5000 30 0 14.5107 3e+07 599468 1000000 300 1000000 1000000
7000 30 0 14.4924 3e+07 600523 1000000 300 1000000 1000000
10000 30 0 14.4965 3e+07 599119 1000000 300 1000000 1000000
