 
0.01 15 0 6.99998 1.5e+07 14999771 1000000 1000000 1000000
0.03 15 0 6.9986 1.5e+07 25980075 1000000 1000000 1000000
0.05 15 0 7.00009 1.5e+07 33540180 1000000 1000000 1000000
0.07 15 0 7.00031 1.5e+07 39688466 1000000 1000000 1000000
0.09 15 0 6.99799 1.5e+07 44974637 1000000 1000000 1000000
0.1 15 0 7.00028 1.5e+07 47436342 1000000 1000000 1000000
0.3 15 0 7.00123 1.5e+07 82136621 1000000 1000000 1000000
0.5 15 0 7.00062 1.5e+07 106097590 1000000 1000000 1000000
0.7 15 0 6.99954 1.5e+07 125528940 1000000 1000000 1000000
0.9 15 0 7.00182 1.5e+07 142364427 1000000 1000000 1000000
1 15 0 6.99883 1.5e+07 150058116 1000000 1000000 1000000
3 14.9988 0.001235 6.99954 1.49988e+07 139772964 998322 1000000 1000000
5 14.953 0.047015 7.01698 1.4953e+07 331774636 958967 1000000 1000000
7 14.7635 0.236451 7.07947 1.47635e+07 390578401 845166 1000000 1000000
9 14.4141 0.585944 7.19008 1.44141e+07 432323013 692247 1000000 1000000
10 14.197 0.803046 7.2563 1.4197e+07 448782817 614958 1000000 1000000
30 10.0355 4.96446 8.59196 1.00355e+07 493071915 45907 1000000 1000000
50 8.06127 6.93873 9.18099 8.06127e+06 569836121 6227 1000000 1000000
70 6.97457 8.02543 9.43643 6.97457e+06 583398284 1450 1000000 1000000
90 6.26405 8.73596 9.55728 6.26404e+06 594758556 394 1000000 1000000
100 5.99772 9.00228 9.58773 5.99772e+06 599803813 221 1000000 1000000
