 
0.01 1.09999 28.9 2.63038 1.09999e+06 11013712 0 11 1000000 1000000
0.05 1.49973 28.5003 9.57183 1.49973e+06 3006751 0 15 1000000 1000000
0.1 2.00031 27.9997 14.2377 2.00031e+06 2003815 0 20 1000000 1000000
0.5 6.00164 23.9984 22.0871 6.00164e+06 1199640 0 60 1000000 1000000
1 11.0011 18.9989 21.8296 1.10011e+07 1100270 0 110 1000000 1000000
3 28.2968 1.70316 15.1657 2.82968e+07 943591 524186 283 1000000 1000000
5 29.9989 0.001082 14.5059 2.99989e+07 599689 999022 300 1000000 1000000
7 30 0 14.5123 3e+07 427926 1000000 300 1000000 1000000
9 30 0 14.4957 3e+07 332418 1000000 300 1000000 1000000
10 30 0 14.5137 3e+07 300540 1000000 300 1000000 1000000
30 30 0 14.5148 3e+07 99498 1000000 300 1000000 1000000
50 30 0 14.5431 3e+07 60129 1000000 300 1000000 1000000
70 30 0 14.5235 3e+07 42702 1000000 300 1000000 1000000
90 30 0 14.4898 3e+07 33545 1000000 300 1000000 1000000
100 30 0 14.4157 3e+07 29766 1000000 300 1000000 1000000
300 30 0 14.545 3e+07 9969 1000000 300 1000000 1000000
500 30 0 14.5648 3e+07 6062 1000000 300 1000000 1000000
700 30 0 14.5622 3e+07 4312 1000000 300 1000000 1000000
900 30 0 14.4704 3e+07 3427 1000000 300 1000000 1000000
1000 30 0 14.1404 3e+07 2985 1000000 300 1000000 1000000
