 
0.01 1.09981 38.9002 3.53352 1.09981e+06 11017960 0 11 1000000 1000000
0.05 1.49914 38.5009 12.9304 1.49914e+06 2997644 0 14 1000000 1000000
0.1 2.00151 37.9985 19.2519 2.00151e+06 2001087 0 20 1000000 1000000
0.5 6.00207 33.9979 30.4124 6.00207e+06 1199804 0 60 1000000 1000000
1 10.9984 29.0016 30.9392 1.09984e+07 1100743 0 110 1000000 1000000
3 30.8622 9.13776 23.3443 3.08622e+07 1026355 45973 308 1000000 1000000
5 39.8475 0.152526 19.5439 3.98475e+07 795950 935153 398 1000000 1000000
7 39.9999 6.4e-05 19.4911 3.99999e+07 572411 999942 399 1000000 1000000
9 40 0 19.5012 4e+07 445238 1000000 399 1000000 1000000
10 40 0 19.4782 4e+07 400597 1000000 399 1000000 1000000
30 40 0 19.4447 4e+07 133873 1000000 399 1000000 1000000
50 40 0 19.4918 4e+07 79960 1000000 399 1000000 1000000
70 40 0 19.5422 4e+07 56725 1000000 399 1000000 1000000
90 40 0 19.3738 4e+07 44715 1000000 399 1000000 1000000
100 40 0 19.4632 4e+07 40249 1000000 399 1000000 1000000
300 40 0 19.5229 4e+07 13290 1000000 399 1000000 1000000
500 40 0 19.571 4e+07 7969 1000000 399 1000000 1000000
700 40 0 19.4546 4e+07 5695 1000000 399 1000000 1000000
900 40 0 19.622 4e+07 4362 1000000 399 1000000 1000000
1000 40 0 19.1784 4e+07 4093 1000000 399 1000000 1000000
