 
0.01 1.09956 18.9004 1.71936 1.09956e+06 10997139 0 10 1000000 1000000
0.05 1.50094 18.4991 6.24281 1.50094e+06 3003410 0 15 1000000 1000000
0.1 1.99846 18.0015 9.25481 1.99846e+06 2001240 0 19 1000000 1000000
0.5 6.00145 13.9986 13.7383 6.00145e+06 1201624 0 60 1000000 1000000
1 10.9942 9.00582 12.7379 1.09942e+07 1098523 3405 109 1000000 1000000
3 19.9726 0.027381 9.51655 1.99726e+07 665064 978273 199 1000000 1000000
5 20 0 9.49732 2e+07 400848 1000000 199 1000000 1000000
7 20 0 9.50713 2e+07 287108 1000000 199 1000000 1000000
9 20 0 9.49042 2e+07 221802 1000000 199 1000000 1000000
10 20 0 9.51006 2e+07 199507 1000000 199 1000000 1000000
30 20 0 9.52047 2e+07 66582 1000000 199 1000000 1000000
50 20 0 9.51259 2e+07 39556 1000000 199 1000000 1000000
70 20 0 9.54656 2e+07 28308 1000000 199 1000000 1000000
90 20 0 9.49519 2e+07 22541 1000000 199 1000000 1000000
100 20 0 9.52119 2e+07 19818 1000000 199 1000000 1000000
300 20 0 9.4505 2e+07 6555 1000000 199 1000000 1000000
500 20 0 9.469 2e+07 4113 1000000 199 1000000 1000000
700 20 0 9.52782 2e+07 2768 1000000 199 1000000 1000000
900 20 0 9.40858 2e+07 2237 1000000 199 1000000 1000000
1000 20 0 9.4165 2e+07 1952 1000000 199 1000000 1000000
