 
1 1.99965 28.0003 13.9928 1.99965e+06 20300 0 20 1000000 1000000
3 3.99871 26.0013 20.6284 3.99871e+06 40241 0 39 1000000 1000000
5 5.99892 24.0011 22.0849 5.99892e+06 60321 0 60 1000000 1000000
7 8.00035 21.9997 22.2807 8.00035e+06 80298 0 80 1000000 1000000
9 10.0017 19.9983 22.0157 1.00017e+07 100155 0 100 1000000 1000000
10 11.0026 18.9974 21.7965 1.10026e+07 110031 0 110 1000000 1000000
30 28.2992 1.70078 15.1487 2.82992e+07 283004 524094 283 1000000 1000000
50 29.9989 0.001055 14.4888 2.99989e+07 299591 999107 300 1000000 1000000
70 30 0 14.513 3e+07 299353 1000000 300 1000000 1000000
90 30 0 14.5139 3e+07 299727 1000000 300 1000000 1000000
100 30 0 14.4905 3e+07 299427 1000000 300 1000000 1000000
300 30 0 14.5183 3e+07 300025 1000000 300 1000000 1000000
500 30 0 14.4885 3e+07 301166 1000000 300 1000000 1000000
700 30 0 14.5106 3e+07 300507 1000000 300 1000000 1000000
900 30 0 14.4821 3e+07 301001 1000000 300 1000000 1000000
1000 30 0 14.4874 3e+07 299999 1000000 300 1000000 1000000
3000 30 0 14.4922 3e+07 299938 1000000 300 1000000 1000000
5000 30 0 14.4954 3e+07 299583 1000000 300 1000000 1000000
7000 30 0 14.5125 3e+07 299042 1000000 300 1000000 1000000
10000 30 0 14.5256 3e+07 299426 1000000 300 1000000 1000000
