 
1 1.09994 28.9001 2.62581 1.09994e+06 110045 0 11 1000000 1000000
3 1.29919 28.7008 6.67324 1.29919e+06 129432 0 12 1000000 1000000
5 1.49924 28.5008 9.61907 1.49924e+06 149259 0 14 1000000 1000000
7 1.69966 28.3003 11.7958 1.69966e+06 169492 0 17 1000000 1000000
9 1.90001 28.1 13.5381 1.90001e+06 190093 0 19 1000000 1000000
10 2.00004 28 14.2292 2.00004e+06 200063 0 20 1000000 1000000
30 3.99858 26.0014 20.6309 3.99858e+06 400201 0 39 1000000 1000000
50 6.00112 23.9989 22.0775 6.00112e+06 600001 0 60 1000000 1000000
70 7.99644 22.0036 22.3178 7.99644e+06 799807 0 79 1000000 1000000
90 9.99959 20.0004 22.061 9.9996e+06 998761 0 100 1000000 1000000
100 10.9963 19.0037 21.8234 1.09963e+07 1100688 1 109 1000000 1000000
300 28.296 1.70403 15.151 2.8296e+07 2829336 524359 283 1000000 1000000
500 29.9987 0.001259 14.4979 2.99987e+07 3000554 998979 300 1000000 1000000
700 30 0 14.5004 3e+07 2999427 1000000 300 1000000 1000000
900 30 0 14.5078 3e+07 3001918 1000000 300 1000000 1000000
1000 30 0 14.5093 3e+07 3000171 1000000 300 1000000 1000000
3000 30 0 14.5002 3e+07 3003547 1000000 300 1000000 1000000
5000 30 0 14.5019 3e+07 3000609 1000000 300 1000000 1000000
7000 30 0 14.5063 3e+07 2996119 1000000 300 1000000 1000000
10000 30 0 14.5072 3e+07 3000504 1000000 300 1000000 1000000
