 
1 1 0 0 1e+06 20037 1000000 9 1000000 1000000
3 3 0 1.00195 3e+06 59903 1000000 30 1000000 1000000
5 5 0 1.99362 5e+06 100216 1000000 49 1000000 1000000
7 7 0 3.00377 7e+06 139892 1000000 70 1000000 1000000
9 9 0 3.98717 9e+06 180247 1000000 90 1000000 1000000
10 10 0 4.49003 1e+07 199941 1000000 99 1000000 1000000
20 20 0 9.47851 2e+07 399150 1000000 199 1000000 1000000
30 29.9989 0.001089 14.4927 2.99989e+07 599841 999085 300 1000000 1000000
50 47.6686 2.33144 25.4813 4.76686e+07 954330 520862 476 1000000 1000000
70 50.9922 19.0078 43.15 5.09922e+07 1019766 3843 510 1000000 1000000
80 51.0019 28.9981 52.9802 5.10019e+07 1020904 47 510 1000000 1000000
90 50.9892 39.0108 62.7748 5.09892e+07 1018892 0 510 1000000 1000000
100 51.0018 48.9982 72.5359 5.10018e+07 1021640 0 510 1000000 1000000