 
1 1 0 0 1e+06 19805 999996 9 1000000 1000000
3 2.99994 5.6e-05 1.00271 2.99994e+06 59857 999673 29 1000000 1000000
5 4.99811 0.001888 1.99446 4.99811e+06 99731 994603 49 1000000 1000000
7 6.9778 0.022202 3.00599 6.9778e+06 140128 965383 69 1000000 1000000
9 8.87365 0.126353 4.03383 8.87365e+06 176538 875487 88 1000000 1000000
10 9.74919 0.250807 4.55416 9.74919e+06 195309 798167 97 1000000 1000000
20 13.4333 6.56675 11.8898 1.34333e+07 268920 30470 134 1000000 1000000
30 13.4975 16.5025 21.0989 1.34975e+07 270441 19 135 1000000 1000000
50 13.501 36.499 39.5696 1.3501e+07 269478 0 135 1000000 1000000
70 13.4982 56.5018 58.1247 1.34982e+07 270175 0 135 1000000 1000000
80 13.5021 66.4979 67.3188 1.35021e+07 270343 0 135 1000000 1000000
90 13.4997 76.5003 76.7003 1.34997e+07 270033 0 135 1000000 1000000
100 13.4969 86.5031 85.8763 1.34969e+07 269255 0 135 1000000 1000000