 
1 1 0 0 1e+06 20021 1000000 9 1000000 1000000
3 3 0 1.00694 3e+06 60376 1000000 30 1000000 1000000
5 5 0 1.99608 5e+06 100324 1000000 49 1000000 1000000
7 7 1e-06 2.99797 7e+06 140232 999997 70 1000000 1000000
9 8.99997 2.7e-05 3.99587 8.99997e+06 180067 999931 90 1000000 1000000
10 9.99989 0.00011 4.50488 9.99989e+06 199561 999761 99 1000000 1000000
20 19.762 0.237973 9.58214 1.9762e+07 395782 865958 197 1000000 1000000
30 25.3659 4.63413 16.3473 2.53659e+07 507652 182390 253 1000000 1000000
50 26.0013 23.9987 35.0936 2.60013e+07 519936 5 260 1000000 1000000
70 25.9998 44.0002 54.3353 2.59998e+07 519147 0 260 1000000 1000000
80 25.999 54.001 63.933 2.5999e+07 520318 0 260 1000000 1000000
90 26.0052 63.9948 73.5621 2.60052e+07 520168 0 260 1000000 1000000
100 26.003 73.997 83.1828 2.6003e+07 519432 0 260 1000000 1000000