 
1 1 0 0 1e+06 100187 999955 9 1000000 1000000
3 2.9994 0.0006 0.998726 2.9994e+06 299957 997146 29 1000000 1000000
5 4.9864 0.013604 2.0026 4.9864e+06 497887 970866 49 1000000 1000000
7 6.88989 0.110106 3.02345 6.88989e+06 689514 869594 68 1000000 1000000
9 8.54019 0.459813 4.11418 8.54019e+06 854377 667397 85 1000000 1000000
10 9.20633 0.793674 4.70769 9.20633e+06 920173 542376 92 1000000 1000000
20 10.9959 9.00406 12.7364 1.09959e+07 1100145 3531 109 1000000 1000000
30 11.0037 18.9963 21.8246 1.10037e+07 1097977 0 110 1000000 1000000
40 11.0014 28.9986 30.9059 1.10014e+07 1100120 0 110 1000000 1000000
50 10.9984 39.0016 40.0041 1.09984e+07 1099330 0 110 1000000 1000000
60 11.0004 48.9996 49.0941 1.10004e+07 1098915 0 110 1000000 1000000
70 11.0019 58.9981 58.1759 1.10019e+07 1100284 0 110 1000000 1000000
80 10.9992 69.0008 67.2194 1.09992e+07 1099772 0 110 1000000 1000000
90 11.0028 78.9972 76.3679 1.10028e+07 1099610 0 110 1000000 1000000
100 10.9966 89.0034 85.4798 1.09966e+07 1101180 0 110 1000000 1000000
