 
1 1 0 0 1e+06 20064 1000000 9 1000000 1000000
3 3 0 1.00583 3e+06 60216 1000000 30 1000000 1000000
5 5 0 2.00145 5e+06 99563 1000000 49 1000000 1000000
7 7 0 3.00589 7e+06 140596 1000000 70 1000000 1000000
9 9 0 4.00166 9e+06 180029 1000000 90 1000000 1000000
10 10 0 4.50405 1e+07 200715 1000000 99 1000000 1000000
20 20 1e-06 9.49933 2e+07 400626 999999 199 1000000 1000000
30 29.999 0.000998 14.5014 2.9999e+07 601410 999089 300 1000000 1000000
40 39.8467 0.153296 19.5669 3.98467e+07 796053 934917 398 1000000 1000000
50 47.6697 2.3303 25.4891 4.76697e+07 954238 521241 476 1000000 1000000
60 50.6541 9.34589 33.5807 5.06541e+07 1012286 91733 506 1000000 1000000
70 50.9717 19.0283 43.1341 5.09717e+07 1018228 3745 509 1000000 1000000
80 50.988 29.012 52.9748 5.0988e+07 1020199 53 510 1000000 1000000
90 50.9969 39.0031 62.7538 5.09969e+07 1018292 0 510 1000000 1000000
100 51.0049 48.9951 72.59 5.10049e+07 1021278 0 510 1000000 1000000
