 
1 1 0 0 1e+06 10078 1000000 9 1000000 1000000
3 3 0 1.00165 3e+06 30286 1000000 30 1000000 1000000
5 5 0 1.99446 5e+06 50022 1000000 49 1000000 1000000
7 7 0 2.99706 7e+06 70008 1000000 70 1000000 1000000
9 9 0 3.99984 9e+06 90140 1000000 90 1000000 1000000
10 10 0 4.5045 1e+07 99814 1000000 99 1000000 1000000
20 20 0 9.50576 2e+07 200580 1000000 199 1000000 1000000
30 30 0 14.5223 3e+07 301529 1000000 300 1000000 1000000
40 40 0 19.4875 4e+07 401309 1000000 399 1000000 1000000
50 50 0 24.4976 5e+07 500482 1000000 499 1000000 1000000
60 60 1.6e-05 29.4703 6e+07 600728 999991 600 1000000 1000000
70 69.9982 0.001848 34.5188 6.99982e+07 700643 999120 700 1000000 1000000
80 79.9445 0.055484 39.5458 7.99445e+07 799000 981413 799 1000000 1000000
90 89.3412 0.658809 44.8106 8.93412e+07 894082 854243 893 1000000 1000000
100 96.5004 3.49962 51.0399 9.65004e+07 964261 516227 965 1000000 1000000
