 
1 1 0 0 1e+06 33218 1000000 9 1000000 1000000
3 3 0 0.999462 3e+06 100298 1000000 30 1000000 1000000
5 5 0 2.00004 5e+06 167206 1000000 49 1000000 1000000
7 7 0 2.99838 7e+06 233924 1000000 70 1000000 1000000
9 9 0 3.99872 9e+06 299882 999998 90 1000000 1000000
10 10 1e-06 4.50322 1e+07 333665 999996 99 1000000 1000000
20 19.9723 0.027681 9.50628 1.99723e+07 665893 977969 199 1000000 1000000
30 28.2951 1.70488 15.1388 2.82951e+07 943447 523483 282 1000000 1000000
50 31.0004 18.9996 32.9229 3.10004e+07 1032648 466 310 1000000 1000000
70 31.01 38.99 52.2801 3.101e+07 1032941 0 310 1000000 1000000
80 31.0098 48.9902 61.9104 3.10098e+07 1034309 0 310 1000000 1000000
90 30.9906 59.0094 71.6147 3.09906e+07 1034217 0 310 1000000 1000000
100 31.0028 68.9972 81.3046 3.10028e+07 1033150 0 310 1000000 1000000
200 31.0057 168.994 178.105 3.10057e+07 1033125 0 310 1000000 1000000
300 31.0038 268.996 274.851 3.10038e+07 1033483 0 310 1000000 1000000
500 31.0063 468.994 468.297 3.10063e+07 1032294 0 311 1000000 1000000
700 31.0093 668.991 661.952 3.10093e+07 1033999 0 312 1000000 1000000
800 31.0076 768.992 758.562 3.10076e+07 1033772 0 312 1000000 1000000
900 30.9947 869.005 855.331 3.09947e+07 1030469 0 312 1000000 1000000
1000 30.9996 969 952.245 3.09996e+07 1032874 0 313 1000000 1000000
