 
1 1.49997 28.5 9.63892 1.49997e+06 29752 0 15 1000000 1000000
3 2.50108 27.4989 16.9375 2.50108e+06 49727 0 25 1000000 1000000
5 3.50199 26.498 19.9009 3.50199e+06 70175 0 35 1000000 1000000
7 4.49925 25.5007 21.2635 4.49925e+06 90105 0 45 1000000 1000000
9 5.49946 24.5005 21.8959 5.49946e+06 109535 0 55 1000000 1000000
10 5.99981 24.0002 22.0775 5.99982e+06 120931 0 60 1000000 1000000
30 16.0086 13.9914 20.1455 1.60086e+07 319901 422 160 1000000 1000000
50 25.3624 4.63763 16.3288 2.53624e+07 507715 181883 253 1000000 1000000
70 29.5658 0.434221 14.6521 2.95658e+07 591242 822979 295 1000000 1000000
90 29.9897 0.010292 14.4932 2.99897e+07 599578 992609 299 1000000 1000000
100 29.9989 0.001059 14.4841 2.99989e+07 600343 999049 300 1000000 1000000
300 30 0 14.506 3e+07 599832 1000000 300 1000000 1000000
500 30 0 14.4933 3e+07 601543 1000000 300 1000000 1000000
700 30 0 14.4975 3e+07 600540 1000000 300 1000000 1000000
900 30 0 14.4915 3e+07 599198 1000000 300 1000000 1000000
1000 30 0 14.4792 3e+07 600506 1000000 300 1000000 1000000
3000 30 0 14.5001 3e+07 599183 1000000 300 1000000 1000000
5000 30 0 14.5109 3e+07 599692 1000000 300 1000000 1000000
7000 30 0 14.4903 3e+07 599282 1000000 300 1000000 1000000
10000 30 0 14.5141 3e+07 600322 1000000 300 1000000 1000000
