 
1 1.49953 38.5005 12.8317 1.49953e+06 29991 0 15 1000000 1000000
3 2.50055 37.4995 23.0092 2.50055e+06 49810 0 25 1000000 1000000
5 3.49879 36.5012 26.9271 3.49879e+06 69823 0 35 1000000 1000000
7 4.50417 35.4958 28.999 4.50417e+06 89751 0 45 1000000 1000000
9 5.50134 34.4987 29.9713 5.50134e+06 109788 0 55 1000000 1000000
10 6.00066 33.9993 30.3944 6.00066e+06 119854 0 60 1000000 1000000
30 15.998 24.002 29.5183 1.5998e+07 320779 0 160 1000000 1000000
50 25.9905 14.0095 25.5003 2.59905e+07 519472 3313 259 1000000 1000000
70 35.093 4.90698 21.5081 3.5093e+07 702699 220145 351 1000000 1000000
90 39.3606 0.639366 19.7809 3.93606e+07 788732 791921 393 1000000 1000000
100 39.8461 0.153893 19.5642 3.98461e+07 797974 934647 398 1000000 1000000
300 40 0 19.497 4e+07 798215 1000000 399 1000000 1000000
500 40 0 19.478 4e+07 800899 1000000 399 1000000 1000000
700 40 0 19.4981 4e+07 799988 1000000 399 1000000 1000000
900 40 0 19.4929 4e+07 801110 1000000 399 1000000 1000000
1000 40 0 19.5103 4e+07 800420 1000000 399 1000000 1000000
3000 40 0 19.5185 4e+07 801150 1000000 399 1000000 1000000
5000 40 0 19.4952 4e+07 799281 1000000 399 1000000 1000000
7000 40 0 19.4997 4e+07 801257 1000000 399 1000000 1000000
10000 40 0 19.5041 4e+07 799611 1000000 399 1000000 1000000
