 
1 1.50018 18.4998 6.20425 1.50018e+06 30169 0 15 1000000 1000000
3 2.49955 17.5005 10.9698 2.49955e+06 50076 0 24 1000000 1000000
5 3.49811 16.5019 12.7503 3.49811e+06 69988 0 34 1000000 1000000
7 4.50147 15.4985 13.4241 4.50147e+06 90474 0 45 1000000 1000000
9 5.49731 14.5027 13.7165 5.49731e+06 109919 0 54 1000000 1000000
10 6.00057 13.9994 13.7399 6.00057e+06 119809 0 60 1000000 1000000
30 15.6629 4.33706 11.046 1.56629e+07 312765 124929 156 1000000 1000000
50 19.7634 0.236567 9.58987 1.97634e+07 395023 866740 197 1000000 1000000
70 19.9976 0.002366 9.50946 1.99976e+07 399965 997707 199 1000000 1000000
90 20 1e-05 9.50474 2e+07 399919 999989 199 1000000 1000000
100 20 0 9.5041 2e+07 398019 1000000 199 1000000 1000000
300 20 0 9.50032 2e+07 399231 1000000 199 1000000 1000000
500 20 0 9.50459 2e+07 398857 1000000 199 1000000 1000000
700 20 0 9.50605 2e+07 401451 1000000 199 1000000 1000000
900 20 0 9.48994 2e+07 399514 1000000 199 1000000 1000000
1000 20 0 9.48738 2e+07 400799 1000000 199 1000000 1000000
3000 20 0 9.51338 2e+07 400670 1000000 199 1000000 1000000
5000 20 0 9.49435 2e+07 400075 1000000 199 1000000 1000000
7000 20 0 9.49574 2e+07 399397 1000000 199 1000000 1000000
10000 20 0 9.48412 2e+07 400853 1000000 199 1000000 1000000
