 
1 1.50008 58.4999 19.4613 1.50008e+06 29838 0 15 1000000 1000000
3 2.5015 57.4985 34.7721 2.5015e+06 49688 0 25 1000000 1000000
5 3.50228 56.4977 41.1558 3.50228e+06 69654 0 35 1000000 1000000
7 4.49997 55.5 44.4156 4.49996e+06 89933 0 45 1000000 1000000
9 5.49809 54.5019 46.45 5.49809e+06 109726 0 55 1000000 1000000
10 5.99755 54.0025 47.1606 5.99755e+06 119703 0 60 1000000 1000000
30 15.995 44.005 48.2864 1.5995e+07 319508 0 160 1000000 1000000
50 25.993 34.007 44.7038 2.5993e+07 519949 0 260 1000000 1000000
70 35.9998 24.0002 40.3523 3.59998e+07 718329 52 360 1000000 1000000
90 45.9434 14.0566 35.7838 4.59434e+07 918715 17748 459 1000000 1000000
100 50.6234 9.37663 33.5834 5.06234e+07 1012493 91049 506 1000000 1000000
300 60 0 29.4975 6e+07 1200379 1000000 600 1000000 1000000
500 60 0 29.4826 6e+07 1199164 1000000 600 1000000 1000000
700 60 0 29.5303 6e+07 1198796 1000000 600 1000000 1000000
900 60 0 29.5022 6e+07 1198139 1000000 600 1000000 1000000
1000 60 0 29.5193 6e+07 1200288 1000000 600 1000000 1000000
