 
1 1.99854 58.0015 29.4784 1.99854e+06 19923 0 19 1000000 1000000
3 3.99777 56.0022 43.3139 3.99778e+06 40191 0 40 1000000 1000000
5 6.00167 53.9983 47.0433 6.00168e+06 60076 0 60 1000000 1000000
7 8.00071 51.9993 48.57 8.00071e+06 80238 0 80 1000000 1000000
9 10.0011 49.9989 49.0822 1.00011e+07 100360 0 100 1000000 1000000
10 11.0051 48.9949 49.0197 1.10051e+07 110015 0 110 1000000 1000000
30 30.9993 29.0007 42.6094 3.09993e+07 310278 0 310 1000000 1000000
50 50.6407 9.35927 33.6303 5.06407e+07 505555 91517 506 1000000 1000000
70 59.6636 0.33645 29.6072 5.96636e+07 596855 897798 596 1000000 1000000
90 59.9993 0.000743 29.4922 5.99993e+07 599130 999566 600 1000000 1000000
100 60 2e-05 29.497 6e+07 599950 999989 600 1000000 1000000
300 60 0 29.5049 6e+07 599649 1000000 600 1000000 1000000
500 60 0 29.4958 6e+07 600083 1000000 600 1000000 1000000
700 60 0 29.5197 6e+07 599526 1000000 600 1000000 1000000
900 60 0 29.5029 6e+07 599002 1000000 600 1000000 1000000
1000 60 0 29.5071 6e+07 599603 1000000 600 1000000 1000000
