 
1 1.05042 58.9496 2.76829 1.05042e+06 209063 0 10 1000000 1000000
3 1.15027 58.8497 7.74091 1.15027e+06 229079 0 11 1000000 1000000
5 1.2504 58.7496 11.7648 1.2504e+06 250465 0 12 1000000 1000000
7 1.35022 58.6498 15.2603 1.35022e+06 270468 0 13 1000000 1000000
9 1.44949 58.5505 18.2281 1.44949e+06 290570 0 14 1000000 1000000
10 1.49946 58.5005 19.5738 1.49946e+06 300580 0 15 1000000 1000000
30 2.5011 57.4989 34.9573 2.5011e+06 500882 0 25 1000000 1000000
50 3.49882 56.5012 41.1884 3.49882e+06 700847 0 35 1000000 1000000
70 4.49848 55.5015 44.4561 4.49848e+06 900084 0 45 1000000 1000000
90 5.49674 54.5033 46.4118 5.49674e+06 1099443 0 54 1000000 1000000
100 5.99726 54.0027 47.102 5.99726e+06 1199484 0 60 1000000 1000000
300 15.9926 44.0074 48.2789 1.59926e+07 3199175 0 160 1000000 1000000
500 25.996 34.004 44.7185 2.5996e+07 5195468 0 260 1000000 1000000
700 36.0014 23.9986 40.343 3.60014e+07 7198247 45 360 1000000 1000000
900 45.94 14.06 35.7576 4.594e+07 9185547 17592 459 1000000 1000000
1000 50.6346 9.36541 33.5965 5.06346e+07 10131411 91433 506 1000000 1000000
