 
0.01 1.49966 13.5003 4.58982 1.49966e+06 1500140 0 14 1000000 1000000
0.03 2.5007 12.4993 7.94593 2.5007e+06 831976 0 25 1000000 1000000
0.05 3.50005 11.5 9.09672 3.50005e+06 700607 0 35 1000000 1000000
0.07 4.4999 10.5001 9.5212 4.4999e+06 644132 3 45 1000000 1000000
0.09 5.49919 9.50081 9.60141 5.49919e+06 610801 76 54 1000000 1000000
0.1 6.00111 8.99889 9.57527 6.00111e+06 599541 210 60 1000000 1000000
0.3 13.9272 1.07282 7.3464 1.39272e+07 463615 532947 139 1000000 1000000
0.5 14.9881 0.011863 7.00014 1.49881e+07 299439 987628 149 1000000 1000000
0.7 15 2.4e-05 6.9915 1.5e+07 214848 999950 150 1000000 1000000
0.9 15 0 6.99926 1.5e+07 167142 1000000 150 1000000 1000000
1 15 0 6.98556 1.5e+07 150437 1000000 150 1000000 1000000
3 15 0 7.013 1.5e+07 50145 1000000 150 1000000 1000000
5 15 0 6.97987 1.5e+07 29849 1000000 150 1000000 1000000
7 15 0 7.04708 1.5e+07 21346 1000000 150 1000000 1000000
9 15 0 6.98121 1.5e+07 16654 1000000 150 1000000 1000000
10 15 0 7.03441 1.5e+07 14880 1000000 150 1000000 1000000
