 
0.01 1.50088 58.4991 19.6015 1.50088e+06 1501604 0 15 1000000 1000000
0.03 2.50155 57.4984 34.9517 2.50155e+06 833345 0 25 1000000 1000000
0.05 3.49774 56.5023 41.2701 3.49774e+06 698639 0 34 1000000 1000000
0.07 4.50228 55.4977 44.5224 4.50228e+06 642536 0 45 1000000 1000000
0.09 5.50227 54.4977 46.4379 5.50227e+06 611918 0 55 1000000 1000000
0.1 6.00098 53.999 47.0657 6.00098e+06 600841 0 60 1000000 1000000
0.3 16.0006 43.9994 48.2626 1.60006e+07 531868 0 160 1000000 1000000
0.5 26.0052 33.9948 44.7224 2.60052e+07 519898 0 260 1000000 1000000
0.7 36.0009 23.9991 40.3532 3.60009e+07 513249 53 360 1000000 1000000
0.9 45.9457 14.0543 35.7387 4.59457e+07 510298 17902 459 1000000 1000000
1 50.6341 9.36592 33.5856 5.06341e+07 506609 91397 506 1000000 1000000
3 60 0 29.5062 6e+07 199582 1000000 600 1000000 1000000
5 60 0 29.4787 6e+07 120200 1000000 600 1000000 1000000
7 60 0 29.4775 6e+07 85496 1000000 600 1000000 1000000
9 60 0 29.484 6e+07 66970 1000000 600 1000000 1000000
10 60 0 29.3378 6e+07 59524 1000000 600 1000000 1000000
