 
0.01 1.49926 28.5007 9.5894 1.49926e+06 1499482 0 14 1000000 1000000
0.03 2.49997 27.5 16.9538 2.49997e+06 833963 0 25 1000000 1000000
0.05 3.49814 26.5019 19.8353 3.49814e+06 700127 0 34 1000000 1000000
0.07 4.50096 25.499 21.1865 4.50096e+06 643325 0 45 1000000 1000000
0.09 5.50095 24.4991 21.8655 5.50095e+06 609499 0 55 1000000 1000000
0.1 5.99876 24.0012 22.0954 5.99876e+06 598855 0 60 1000000 1000000
0.3 15.9963 14.0037 20.168 1.59963e+07 533535 451 159 1000000 1000000
0.5 25.3695 4.6305 16.3336 2.53695e+07 507558 182119 253 1000000 1000000
0.7 29.5674 0.432635 14.66 2.95674e+07 422062 823067 295 1000000 1000000
0.9 29.9895 0.010532 14.5171 2.99895e+07 332719 992585 299 1000000 1000000
1 29.9989 0.001142 14.5182 2.99989e+07 300379 999055 300 1000000 1000000
3 30 0 14.4891 3e+07 100274 1000000 300 1000000 1000000
5 30 0 14.5253 3e+07 60267 1000000 300 1000000 1000000
7 30 0 14.5181 3e+07 42923 1000000 300 1000000 1000000
9 30 0 14.4994 3e+07 33341 1000000 300 1000000 1000000
10 30 0 14.509 3e+07 29985 1000000 300 1000000 1000000
